"","Col1","Col2","Col3","Col4","Col5","Col6","Col7","Col8","Col9","Col10","Col11"
"Col1",NA,NA,NA,NA,NA,NA,NA,NA,NA,NA,NA
"Col2",NA,NA,NA,NA,NA,NA,NA,NA,NA,NA,NA
"Col3",NA,NA,1,0.946,0.939,0.186,0.198,0.193,0.056,0.053,0.05
"Col4",NA,NA,0.946,1,0.962,0.221,0.231,0.225,0.063,0.059,0.054
"Col5",NA,NA,0.939,0.962,1,0.229,0.238,0.233,0.056,0.052,0.048
"Col6",NA,NA,0.186,0.221,0.229,1,0.946,0.94,0.017,0.018,0.018
"Col7",NA,NA,0.198,0.231,0.238,0.946,1,0.942,0.02,0.023,0.021
"Col8",NA,NA,0.193,0.225,0.233,0.94,0.942,1,0.018,0.02,0.019
"Col9",NA,NA,0.056,0.063,0.056,0.017,0.02,0.018,1,0.976,0.97
"Col10",NA,NA,0.053,0.059,0.052,0.018,0.023,0.02,0.976,1,0.974
"Col11",NA,NA,0.05,0.054,0.048,0.018,0.021,0.019,0.97,0.974,1
